new stage 2 replay
seed 1

found
---------------------
5 	  0.95 	(   6.00,  25.00,   0.75 ) 	(   5.29,  24.56,   0.29 )
8 	  0.39 	(   2.00,  39.00,   2.00 ) 	(   1.84,  39.30,   1.81 )

unfound
---------------------
2 avg	  2.94 	(  40.00,   0.00,   0.00 ) 	(  38.80,   0.00,   2.68 )
3 	  1.71 	(  31.00,  14.00,   0.50 ) 	(  31.11,  13.75,   2.19 )
4 	  2.04 	(  20.00,  20.00,   3.00 ) 	(  19.58,  19.02,   1.27 )
6 	  1.07 	(  40.00,  25.00,   1.00 ) 	(  40.15,  24.18,   0.33 )
7 	  2.27 	(  27.00,  30.00,   0.25 ) 	(  26.47,  29.53,   2.41 )
9 	  0.43 	(  23.00,  40.00,   1.75 ) 	(  22.80,  39.68,   1.54 )
