new stage4 cluster

B2:
[(36.0, 0.0, 1.0), (40.0, 3.0, 0.0), (37.0, 0.0, 1.0), (40.0, 0.0, 1.0), (40.0, 3.0, 1.0), (40.0, 0.0, 0.0), (40.0, 2.0, 1.0), (35.0, 0.0, 0.0), (40.0, 1.0, 1.0), (40.0, 2.0, 0.0), (39.0, 0.0, 0.0), (40.0, 2.0, 2.0), (40.0, 1.0, 2.0), (38.0, 0.0, 1.0), (36.0, 0.0, 0.0), (39.0, 0.0, 1.0), (37.0, 0.0, 2.0), (38.0, 0.0, 0.0), (40.0, 1.0, 0.0), (39.0, 0.0, 2.0), (37.0, 0.0, 3.0), (40.0, 0.0, 3.0), (40.0, 1.0, 3.0), (38.0, 0.0, 3.0), (36.0, 0.0, 2.0), (39.0, 0.0, 3.0), (37.0, 0.0, 0.0), (40.0, 0.0, 2.0), (38.0, 0.0, 2.0)]


B3:
[(30.0, 10.0, 0.0), (30.0, 13.0, 2.0), (30.0, 14.0, 3.0), (32.0, 10.0, 2.0), (30.0, 13.0, 3.0), (30.0, 14.0, 2.0), (30.0, 13.0, 0.0), (30.0, 14.0, 1.0), (30.0, 13.0, 1.0), (30.0, 14.0, 0.0), (30.0, 16.0, 1.0), (31.0, 10.0, 1.0), (31.0, 10.0, 2.0), (30.0, 16.0, 0.0), (30.0, 11.0, 0.0), (30.0, 16.0, 3.0), (30.0, 11.0, 1.0), (30.0, 16.0, 2.0), (30.0, 11.0, 2.0), (28.0, 10.0, 1.0), (30.0, 11.0, 3.0), (32.0, 10.0, 1.0), (28.0, 10.0, 0.0), (30.0, 15.0, 0.0), (32.0, 10.0, 0.0), (30.0, 15.0, 1.0), (31.0, 10.0, 3.0), (30.0, 17.0, 0.0), (31.0, 10.0, 0.0), (30.0, 17.0, 1.0), (30.0, 15.0, 3.0), (29.0, 10.0, 0.0), (33.0, 10.0, 0.0), (29.0, 10.0, 1.0), (30.0, 12.0, 1.0), (33.0, 10.0, 1.0), (29.0, 10.0, 2.0), (30.0, 12.0, 0.0), (30.0, 10.0, 3.0), (30.0, 12.0, 3.0), (30.0, 10.0, 2.0), (30.0, 9.0, 0.0), (30.0, 15.0, 2.0), (30.0, 12.0, 2.0), (30.0, 10.0, 1.0), (30.0, 9.0, 1.0)]


B6:
[(40.0, 25.0, 1.0), (39.0, 24.0, 1.0), (41.0, 24.0, 3.0), (41.0, 24.0, 0.0), (39.0, 23.0, 2.0), (40.0, 22.0, 3.0), (41.0, 24.0, 1.0), (39.0, 24.0, 3.0), (39.0, 20.0, 0.0), (40.0, 26.0, 1.0), (40.0, 23.0, 2.0), (40.0, 22.0, 0.0), (39.0, 20.0, 1.0), (40.0, 23.0, 3.0), (40.0, 26.0, 3.0), (40.0, 20.0, 2.0), (40.0, 23.0, 0.0), (40.0, 26.0, 2.0), (40.0, 20.0, 1.0), (40.0, 25.0, 2.0), (40.0, 23.0, 1.0), (40.0, 20.0, 0.0), (40.0, 27.0, 0.0), (40.0, 27.0, 2.0), (40.0, 24.0, 3.0), (40.0, 27.0, 3.0), (39.0, 25.0, 3.0), (40.0, 24.0, 2.0), (39.0, 23.0, 1.0), (40.0, 26.0, 0.0), (39.0, 23.0, 3.0), (39.0, 25.0, 2.0), (40.0, 24.0, 1.0), (41.0, 23.0, 3.0), (39.0, 24.0, 2.0), (40.0, 27.0, 1.0), (39.0, 25.0, 1.0), (40.0, 24.0, 0.0), (39.0, 25.0, 0.0), (38.0, 22.0, 0.0), (40.0, 25.0, 3.0), (41.0, 24.0, 2.0), (40.0, 21.0, 0.0), (40.0, 28.0, 2.0), (37.0, 22.0, 0.0), (40.0, 21.0, 1.0), (39.0, 22.0, 0.0), (41.0, 23.0, 2.0), (39.0, 23.0, 0.0), (40.0, 21.0, 2.0), (40.0, 28.0, 0.0), (41.0, 23.0, 1.0), (40.0, 28.0, 1.0), (40.0, 22.0, 2.0), (39.0, 24.0, 0.0), (41.0, 23.0, 0.0), (40.0, 25.0, 0.0), (40.0, 21.0, 3.0), (40.0, 22.0, 1.0)]

