 0.100   0.100  0    4.08  6171  -0.007   0.396  3.19
 0.100   0.100  0    3.40  12342  -0.007   0.396  3.19
 0.100   0.100  0    3.25  18513  -0.007   0.396  3.19
 0.100   0.100  0    3.22  24684  -0.007   0.396  3.19
 0.100   0.100  0    4.08  6171  -0.007   0.396  3.19
 0.100   0.100  0    3.40  12342  -0.007   0.396  3.19
 0.100   0.100  0    3.25  18513  -0.007   0.396  3.19
 0.100   0.100  0    3.22  24684  -0.007   0.396  3.19
 0.100   0.100  0    5.38  6171  -0.008   0.406  3.01
 0.100   0.100  0    4.49  12342  -0.008   0.406  3.01
 0.100   0.100  0    3.94  18513  -0.008   0.406  3.01
 0.100   0.100  0    3.65  24684  -0.008   0.406  3.01
 0.100   0.050  0    3.95  6171  -0.008   0.399  1.48
 0.100   0.050  0    2.88  12342  -0.008   0.399  1.48
 0.100   0.050  0    2.25  18513  -0.008   0.399  1.48
 0.100   0.050  0    1.94  24684  -0.008   0.399  1.48
 0.100   0.050  0  1370.08  704  -12.382   8.0051385.81
 0.100   0.050  0  1370.08  704  -12.382   8.0051385.81
 0.100   0.050  0   45.59  715  -29.614   9.532  0.32
 0.100   0.050  0   45.59  1430  -29.614   9.532  0.32
 0.100   0.050  0   45.59  2145  -29.614   9.532  0.32
 0.100   0.050  0   45.59  2860  -29.614   9.532  0.32
 0.100   0.050  0    3.24  6171  -0.005   0.297  3.06
 0.100   0.050  0    3.36  12342  -0.005   0.297  3.06
 0.100   0.050  0    3.91  18513  -0.005   0.297  3.06
 0.100   0.050  0    5.15  24684  -0.005   0.297  3.06
 0.100   0.050  0    0.83  231  -0.058   0.158  0.28
 0.100   0.050  0    0.83  231  -0.058   0.158  0.28
 0.100   0.050  0    1.84  462  -0.058   0.156  0.28
 0.100   0.050  0    1.84  462  -0.058   0.156  0.28
 0.100   0.050  0    1.77  693  -0.058   0.156  0.28
 0.100   0.050  0    0.71  924  -0.058   0.156  0.28
 0.100   0.050  0    0.83  231  -0.058   0.158  0.28
 0.100   0.050  0    1.84  462  -0.058   0.156  0.28
 0.100   0.050  0    1.77  693  -0.058   0.156  0.28
 0.100   0.050  0    0.71  924  -0.058   0.156  0.28
 0.100   0.050  0    3.24  6171  -0.005   0.297  3.06
 0.100   0.050  0    3.36  12342  -0.005   0.297  3.06
 0.100   0.050  0    3.91  18513  -0.005   0.297  3.06
 0.100   0.050  0    3.14  24684  -0.005   0.297  3.06
 0.100   0.050  0    4.15  66  -0.156   0.181  0.29
 0.100   0.050  0    3.12  132  -0.155   0.180  0.29
 0.100   0.050  0    1.51  198  -0.155   0.180  0.29
 0.100   0.050  0    0.97  264  -0.155   0.180  0.29
 0.100   0.050  0    4.15  66  -0.156   0.181  0.29
 0.100   0.050  0    3.12  132  -0.155   0.180  0.29
 0.100   0.050  0    1.51  198  -0.155   0.180  0.29
 0.100   0.050  0    0.97  264  -0.155   0.180  0.29
 0.100   0.050  0    4.15  66  -0.156   0.181  0.29
 0.100   0.050  0    3.12  132  -0.155   0.180  0.29
 0.100   0.050  0    1.51  198  -0.155   0.180  0.29
 0.100   0.050  0    0.97  264  -0.155   0.180  0.29
 0.100   0.050  0    3.18  6171  -0.008   0.389  1.61
 0.100   0.050  0    2.17  12342  -0.008   0.389  1.61
 0.100   0.050  0    1.80  18513  -0.008   0.389  1.61
 0.100   0.050  0    1.71  24684  -0.008   0.389  1.61
 0.100   0.050  0    0.44  134   0.087   0.335  0.95
 0.100   0.050  0    0.44  268   0.087   0.335  0.95
 0.100   0.050  0    0.44  402   0.087   0.335  0.95
 0.100   0.050  0    0.44  536   0.087   0.335  0.95
 0.100   0.050  0   11.77  148   7.193   2.323  0.91
 0.100   0.050  0   11.77  296   7.193   2.323  0.91
 0.100   0.050  0   11.77  444   7.193   2.323  0.91
 0.100   0.050  0   11.77  592   7.193   2.323  0.91
 0.100   0.050  0   41.32  116  34.003   9.146  0.53
 0.100   0.050  0   41.32  232  34.003   9.146  0.53
 0.100   0.050  0   41.32  348  34.003   9.146  0.53
 0.100   0.050  0   41.32  464  34.003   9.146  0.53
 0.100   0.050  0   31.15  154  25.061   5.950  0.45
 0.100   0.050  0   31.15  308  25.061   5.950  0.45
 0.100   0.050  0   31.15  462  25.061   5.950  0.45
 0.100   0.050  0   31.15  616  25.061   5.950  0.45
 0.100   0.050  0   11.57  148   7.193   2.323  0.94
 0.100   0.050  0   11.57  296   7.193   2.323  0.94
 0.100   0.050  0   11.57  444   7.193   2.323  0.94
 0.100   0.050  0   11.57  592   7.193   2.323  0.94
 0.100   0.050  0    1.36  148  -0.032   0.841  0.96
 0.100   0.050  0    1.36  296  -0.032   0.841  0.96
 0.100   0.050  0    1.36  444  -0.032   0.841  0.96
 0.100   0.050  0    1.36  592  -0.032   0.841  0.96
 0.100   0.050  0    1.36  148  -0.032   0.841  0.96
 0.100   0.050  0    0.44  134   0.087   0.335  0.95
 0.100   0.050  0    1.36  148  -0.032   0.841  0.96
 0.100   0.050  0    2.23  116   1.312   0.874  0.73
 0.100   0.050  0    2.89  154   0.292   0.841  0.36
 0.100   0.050  0    2.01  116  -0.582   0.899  0.29
 0.100   0.050  0    1.00  122   0.305   0.583  0.66
 0.100   0.050  0    2.38  118   0.335   1.022  0.43
 0.100   0.050  0    2.88  150   1.015   0.724  0.42
 0.100   0.050  0    1.68  120   0.057   0.395  0.66
 0.100   0.050  0    1.34  130  -0.019   0.388  0.67
 0.100   0.050  0   35.41  134  -32.937   2.489  0.95
 0.100   0.050  0   35.41  134  -32.937   2.489  0.95
 0.100   0.050  0   35.74  282  -32.091   3.245  0.96
 0.100   0.050  0   43.97  398  -33.181   4.102  0.73
 0.100   0.050  0   27.42  552  -30.842   5.351  0.36
 0.100   0.050  0   21.22  668  -28.723   6.756  0.29
 0.100   0.050  0   23.26  790  -27.154   7.338  0.66
 0.100   0.050  0   23.93  908  -26.151   7.422  0.43
 0.100   0.050  0   12.13  1058  -23.477   9.541  0.42
 0.100   0.050  0   21.28  1178  -22.875   9.279  0.66
 0.100   0.050  0   35.41  134  -32.937   2.489  0.95
 0.100   0.050  0   35.74  282  -32.091   3.245  0.96
 0.100   0.050  0   43.97  398  -33.181   4.102  0.73
 0.100   0.050  0    1.34  130  -0.019   0.388  0.67
 0.100   0.050  1    0.51  972  -0.003   0.101  0.64
 0.100   0.050  1    0.51  972  -0.003   0.101  0.64
 0.100   0.050  1    0.60  972  -0.014   0.104  0.64
 0.100   0.050  1    0.88  972   0.001   0.092  0.64
 0.100   0.050  1    0.60  972  -0.014   0.104  0.64
 0.100   0.050  1    0.60  972  -0.014   0.104  0.64
 0.100   0.050  0    0.78  130  -0.155   0.459  0.77
 0.100   0.050  0    1.22  100  -0.032   0.537  1.08
 0.100   0.050  0    0.91  134  -0.102   0.398  0.61
 0.100   0.050  0    1.24  98  -0.175   0.756  0.60
 0.100   0.050  0    2.91  60  -0.005   1.493  0.73
 0.100   0.050  1    0.70  164  -0.111   0.381  0.66
 0.100   0.050  1    0.70  164  -0.111   0.381  0.66
 0.100   0.050  1    0.70  164  -0.111   0.381  0.66
 0.100   0.050  1    0.70  164  -0.111   0.381  0.66
 0.100   0.050  1    0.70  164  -0.111   0.381  0.66
 0.100   0.050  1    1.01  160   0.066   0.684  0.62
 0.100   0.050  1    0.70  902  -0.111   0.381  0.66
 0.100   0.050  1    0.70  820  -0.111   0.381  0.66
 0.100   0.050  1    0.70  902  -0.111   0.381  0.66
 0.100   0.050  1    1.01  880   0.066   0.684  0.62
 0.100   0.050  1    1.30  638   0.175   1.057  0.45
 0.100   0.050  1    1.73  847  -0.465   0.905  0.31
 0.100   0.050  1    2.04  638  -0.033   1.019  0.34
 0.100   0.050  1    0.37  671  -0.190   0.609  0.65
 0.100   0.050  1    1.00  649  -0.234   0.997  0.45
 0.100   0.050  1    2.31  825   0.161   0.827  0.43
 0.100   0.050  1    1.85  660   0.032   0.406  0.69
 0.100   0.050  1    0.75  715  -0.155   0.459  0.70
 0.100   0.050  1    1.30  1600  -0.030   0.206  0.91
 0.100   0.050  1    0.75  715  -0.163   0.433  0.71
 0.100   0.050  1    1.00  803  -0.085   0.492  0.90
 0.100   0.050  1    2.27  825   0.098   0.820  0.44
 0.100   0.050  1    1.00  649  -0.234   0.997  0.45
 0.100   0.050  1    1.13  869  -0.167   0.454  0.84
 0.100   0.050  1    2.04  638  -0.022   0.992  0.35
 0.100   0.050  1    0.51  847  -0.390   0.916  0.29
 0.100   0.050  1    2.53  638   0.500   0.922  0.75
 0.100   0.050  1    1.01  880   0.066   0.684  0.62
 0.100   0.050  1    0.56  902  -0.106   0.386  0.85
 0.100   0.050  1    2.53  638   0.500   0.922  0.75
 0.100   0.050  1    1.60  3780  -0.031   0.345  0.62
 0.100   0.050  1    0.69  902  -0.112   0.381  0.65
 0.100   0.050  1    1.01  880   0.066   0.684  0.62
 0.100   0.050  1    1.30  638   0.175   1.057  0.45
 0.100   0.050  1    1.73  847  -0.465   0.905  0.31
 0.100   0.050  1    2.11  715  -0.004   0.934  0.08
 0.100   0.050  1    1.00  649  -0.234   0.997  0.45
 0.100   0.050  1    0.67  869  -0.177   0.461  0.83
 0.100   0.050  1    0.93  968   0.096   0.821  0.59
 0.100   0.050  1    0.72  847  -0.230   0.457  0.76
 0.100   0.050  1    0.69  902  -0.112   0.381  0.65
 0.100   0.050  1    1.01  880   0.066   0.684  0.62
 0.100   0.050  1    1.13  803   0.021   0.506  0.94
 0.100   0.050  1    7.30  1944   0.012   0.456  0.61
 0.100   0.050  1    2.53  638   0.500   0.922  0.75
 0.100   0.050  1    1.83  847  -0.420   0.887  0.31
 0.100   0.050  1    2.11  715  -0.034   0.939  0.07
 0.100   0.050  1    1.00  649  -0.234   0.997  0.45
 0.100   0.050  1    0.69  902  -0.122   0.378  0.68
 0.100   0.050  1    1.01  880   0.066   0.684  0.62
 0.100   0.050  1    0.67  869  -0.177   0.461  0.83
 0.100   0.050  1    0.77  968   0.071   0.797  0.73
 0.100   0.050  1    0.95  803  -0.089   0.493  0.93
 0.100   0.050  1    0.69  847  -0.215   0.447  0.77
 0.100   0.050  1    5.29  1280   0.092   0.422  0.49
 0.100   0.050  1    0.60  649  -0.192   0.976  0.55
 0.100   0.050  1    1.30  638   0.175   1.057  0.45
 0.100   0.050  1    1.73  847  -0.465   0.905  0.31
 0.100   0.050  1   10.82  3024   0.056   0.532  0.66
 0.100   0.050  1    4.45  649   0.391   1.020  0.44
 0.100   0.050  1    2.15  1023  -0.311   0.762  0.17
 0.100   0.050  1    2.15  1023  -0.311   0.762  0.17
 0.100   0.050  1    4.45  649   0.391   1.020  0.44
 0.100   0.050  1    4.45  649   0.391   1.020  0.44
 0.100   0.050  1    3.88  649   0.376   0.991  0.67
 0.100   0.050  1    0.58  1620  -0.007   0.081  0.64
 0.100   0.050  1    0.58  1620  -0.007   0.081  0.64
 0.100   0.050  1    0.86  2160  -0.010   0.098  0.72
 0.100   0.050  1    0.24  1056  -0.064   0.460  0.57
 0.100   0.050  1    0.91  1078   0.051   0.743  0.44
 0.100   0.050  1    1.61  638  -0.039   1.129  0.70
 0.100   0.050  1    1.64  847  -0.533   0.983  0.74
 0.100   0.050  1    4.46  638  -0.020   0.988  0.88
 0.100   0.050  1    0.43  671  -0.180   0.376  0.52
 0.100   0.050  1    1.72  649  -0.280   1.040  0.74
 0.100   0.050  1    1.88  825   0.087   0.799  0.35
 0.100   0.050  1    1.52  1144  -0.168   0.495  1.06
 0.100   0.050  1    0.77  715  -0.208   0.458  0.90
 0.100   0.050  1    1.63  3484  -0.007   0.278  0.94
 0.100   0.050  1    2.44  638   0.287   0.997  0.62
 0.100   0.050  1    1.37  847  -0.507   0.973  0.75
 0.100   0.050  1    4.26  638  -0.055   0.987  0.89
 0.100   0.050  1    0.23  1133  -0.103   0.614  0.54
 0.100   0.050  1    1.72  649  -0.334   0.958  0.78
 0.100   0.050  1    1.83  825   0.024   0.776  0.40
 0.100   0.050  1    1.93  869  -0.095   0.469  0.41
 0.100   0.050  1    0.39  869  -0.127   0.604  0.90
 0.100   0.050  1    0.51  869  -0.078   0.445  0.60
 0.100   0.050  1    0.40  869  -0.093   0.463  0.70
 0.100   0.050  1    0.71  869  -0.157   0.580  0.43
 0.100   0.050  1    1.33  869  -0.097   0.446  0.59
 0.100   0.050  1    1.43  1133  -0.069   0.611  0.22
 0.100   0.050  1    2.52  1133   0.008   0.672  0.82
 0.100   0.050  1    1.97  1133  -0.070   0.605  0.22
 0.100   0.050  1    1.66  1133  -0.038   0.642  0.96
 0.100   0.050  1    0.95  1133  -0.105   0.608  0.93
 0.100   0.050  1    0.67  1133   0.001   0.627  0.76
 0.100   0.050  1    2.21  1133  -0.052   0.629  0.92
 0.100   0.050  1    1.36  1133   0.019   0.664  0.93
 0.100   0.050  1    0.83  715  -0.291   0.428  0.90
 0.100   0.050  1    0.43  715  -0.237   0.416  0.70
 0.100   0.050  1    0.39  869  -0.127   0.604  0.90
 0.100   0.050  1    0.95  1133  -0.105   0.608  0.93
 0.100   0.050  1    2.27  825   0.098   0.820  0.44
 0.100   0.050  1    1.07  649  -0.288   0.912  0.45
 0.100   0.050  1    2.04  638  -0.067   1.023  0.36
 0.100   0.050  1    1.71  847  -0.439   0.887  0.30
 0.100   0.050  1    2.49  638   0.500   0.922  0.75
 0.100   0.050  1    6.07  7696   0.038   0.408  0.83
 0.100   0.050  1    1.30  638   0.175   1.057  0.45
 0.100   0.050  1    1.84  847  -0.426   0.891  0.34
 0.100   0.050  1    1.26  836   0.116   1.019  0.69
 0.100   0.050  1    1.00  649  -0.234   0.997  0.45
 0.100   0.050  1    1.35  1144   0.104   0.849  0.33
 0.100   0.050  1    1.17  968  -0.211   0.560  0.87
 0.100   0.050  1    1.10  968  -0.143   0.488  0.26
 0.100   0.050  1    1.07  968  -0.117   0.444  0.95
 0.100   0.050  1    6.74  3444  -0.044   0.487  0.80
 0.100   0.050  1    4.47  638   0.413   0.962  0.53
 0.100   0.050  1    0.69  847  -0.371   0.914  0.31
 0.100   0.050  1    2.22  902  -0.087   0.530  0.85
 0.100   0.050  1    1.86  902  -0.154   0.590  0.59
 0.100   0.050  1    0.76  902  -0.387   0.897  1.05
 0.100   0.050  1    2.19  5664  -0.117   0.453  1.45
 0.100   0.050  1    2.09  759   0.128   1.117  0.85
 0.100   0.050  1    1.22  759   0.079   0.995  0.45
 0.100   0.050  1    1.92  1177  -0.221   0.781  0.28
 0.100   0.050  1    1.70  1177  -0.241   0.823  0.76
 0.100   0.050  1    3.80  1177  -0.366   1.019  0.91
 0.100   0.050  1    1.67  1177  -0.352   0.970  0.95
 0.100   0.050  1    0.77  1177  -0.262   0.834  0.53
