new stage5 cluster

B2:
[(40.0, 2.0, 1.0), (40.0, 3.0, 0.0), (37.0, 0.0, 1.0), (40.0, 0.0, 1.0), (39.0, 2.0, 0.0), (39.0, 4.0, 0.0), (36.0, 0.0, 0.0), (38.0, 1.0, 2.0), (40.0, 0.0, 0.0), (39.0, 3.0, 0.0), (38.0, 1.0, 1.0), (38.0, 1.0, 3.0), (35.0, 0.0, 0.0), (40.0, 1.0, 1.0), (38.0, 1.0, 0.0), (40.0, 2.0, 0.0), (39.0, 1.0, 1.0), (38.0, 0.0, 0.0), (39.0, 0.0, 3.0), (39.0, 0.0, 0.0), (40.0, 2.0, 2.0), (40.0, 1.0, 2.0), (38.0, 0.0, 1.0), (40.0, 3.0, 1.0), (39.0, 0.0, 1.0), (37.0, 0.0, 2.0), (40.0, 0.0, 2.0), (39.0, 1.0, 2.0), (40.0, 1.0, 0.0), (39.0, 0.0, 2.0), (37.0, 0.0, 3.0), (40.0, 0.0, 3.0), (40.0, 1.0, 3.0), (38.0, 0.0, 3.0), (36.0, 0.0, 2.0), (39.0, 1.0, 0.0), (37.0, 0.0, 0.0), (39.0, 1.0, 3.0), (36.0, 0.0, 1.0), (38.0, 0.0, 2.0)]


B3:
[(30.0, 10.0, 0.0), (32.0, 15.0, 3.0), (30.0, 13.0, 2.0), (32.0, 14.0, 3.0), (30.0, 14.0, 3.0), (31.0, 14.0, 0.0), (31.0, 16.0, 0.0), (30.0, 13.0, 3.0), (31.0, 15.0, 0.0), (32.0, 15.0, 1.0), (30.0, 13.0, 0.0), (30.0, 14.0, 1.0), (30.0, 13.0, 1.0), (28.0, 10.0, 0.0), (30.0, 16.0, 1.0), (31.0, 10.0, 1.0), (30.0, 14.0, 0.0), (31.0, 10.0, 2.0), (30.0, 10.0, 2.0), (30.0, 11.0, 1.0), (30.0, 16.0, 0.0), (30.0, 11.0, 0.0), (31.0, 18.0, 0.0), (31.0, 13.0, 3.0), (30.0, 16.0, 3.0), (31.0, 14.0, 3.0), (32.0, 10.0, 2.0), (29.0, 10.0, 0.0), (31.0, 17.0, 0.0), (30.0, 11.0, 2.0), (35.0, 14.0, 0.0), (31.0, 15.0, 2.0), (31.0, 13.0, 1.0), (31.0, 15.0, 1.0), (32.0, 13.0, 0.0), (31.0, 14.0, 1.0), (33.0, 14.0, 0.0), (32.0, 10.0, 1.0), (31.0, 13.0, 0.0), (32.0, 13.0, 1.0), (30.0, 15.0, 0.0), (32.0, 15.0, 0.0), (30.0, 16.0, 2.0), (32.0, 13.0, 2.0), (30.0, 15.0, 1.0), (31.0, 15.0, 3.0), (31.0, 10.0, 3.0), (30.0, 17.0, 0.0), (31.0, 13.0, 2.0), (32.0, 13.0, 3.0), (31.0, 10.0, 0.0), (30.0, 11.0, 3.0), (30.0, 17.0, 1.0), (30.0, 15.0, 3.0), (32.0, 14.0, 1.0), (32.0, 14.0, 0.0), (33.0, 10.0, 0.0), (34.0, 14.0, 0.0), (29.0, 10.0, 1.0), (30.0, 12.0, 1.0), (30.0, 14.0, 2.0), (33.0, 10.0, 1.0), (29.0, 10.0, 2.0), (30.0, 12.0, 0.0), (30.0, 10.0, 3.0), (32.0, 14.0, 2.0), (30.0, 12.0, 3.0), (28.0, 10.0, 1.0), (30.0, 9.0, 0.0), (30.0, 15.0, 2.0), (32.0, 10.0, 0.0), (30.0, 12.0, 2.0), (30.0, 10.0, 1.0), (31.0, 14.0, 2.0), (32.0, 15.0, 2.0), (30.0, 9.0, 1.0)]



