RSSI = -58

B0 = [(1.0, 10.0, 0.0), (0.0, 14.0, 0.0), (0.0, 8.0, 3.0), (0.0, 12.0, 1.0), (0.0, 11.0, 3.0), (1.0, 10.0, 3.0), (0.0, 14.0, 3.0), (0.0, 8.0, 2.0), (1.0, 10.0, 2.0), (0.0, 11.0, 0.0), (2.0, 13.0, 2.0), (0.0, 14.0, 2.0), (0.0, 8.0, 1.0), (0.0, 13.0, 2.0), (0.0, 11.0, 2.0), (0.0, 11.0, 1.0), (0.0, 8.0, 0.0), (0.0, 15.0, 2.0), (0.0, 12.0, 0.0), (2.0, 10.0, 3.0), (0.0, 13.0, 0.0), (0.0, 15.0, 3.0), (4.0, 10.0, 1.0), (2.0, 10.0, 2.0), (0.0, 15.0, 0.0), (4.0, 10.0, 0.0), (0.0, 16.0, 3.0), (2.0, 10.0, 1.0), (1.0, 9.0, 0.0), (0.0, 15.0, 1.0), (4.0, 10.0, 3.0), (0.0, 16.0, 2.0), (2.0, 10.0, 0.0), (4.0, 10.0, 2.0), (0.0, 16.0, 1.0), (0.0, 9.0, 0.0), (4.0, 12.0, 0.0), (3.0, 12.0, 0.0), (0.0, 9.0, 1.0), (0.0, 10.0, 2.0), (0.0, 10.0, 0.0), (1.0, 11.0, 2.0), (1.0, 8.0, 0.0), (3.0, 10.0, 0.0), (1.0, 13.0, 2.0), (2.0, 11.0, 2.0), (0.0, 9.0, 3.0), (1.0, 11.0, 0.0), (1.0, 12.0, 2.0), (1.0, 12.0, 1.0), (0.0, 9.0, 2.0), (0.0, 10.0, 1.0), (0.0, 13.0, 1.0), (2.0, 12.0, 0.0), (3.0, 10.0, 2.0), (1.0, 12.0, 0.0), (0.0, 12.0, 2.0), (0.0, 10.0, 3.0), (3.0, 10.0, 3.0), (0.0, 13.0, 3.0), (1.0, 10.0, 1.0), (0.0, 14.0, 1.0), (2.0, 12.0, 2.0), (5.0, 12.0, 0.0), (0.0, 12.0, 3.0), (3.0, 10.0, 1.0)]

B1 = [(10.0, 4.0, 3.0), (9.0, 7.0, 1.0), (10.0, 3.0, 3.0), (11.0, 7.0, 1.0), (10.0, 4.0, 2.0), (12.0, 10.0, 1.0), (10.0, 9.0, 3.0), (10.0, 5.0, 2.0), (10.0, 6.0, 3.0), (11.0, 8.0, 1.0), (10.0, 5.0, 3.0), (12.0, 10.0, 3.0), (10.0, 6.0, 2.0), (9.0, 8.0, 1.0), (10.0, 5.0, 0.0), (12.0, 10.0, 2.0), (10.0, 6.0, 1.0), (10.0, 5.0, 1.0), (10.0, 6.0, 0.0), (9.0, 6.0, 1.0), (11.0, 6.0, 1.0), (11.0, 10.0, 0.0), (10.0, 8.0, 1.0), (10.0, 8.0, 0.0), (10.0, 7.0, 1.0), (9.0, 10.0, 1.0), (11.0, 10.0, 2.0), (10.0, 8.0, 3.0), (9.0, 10.0, 2.0), (11.0, 10.0, 3.0), (10.0, 8.0, 2.0), (9.0, 10.0, 3.0), (10.0, 7.0, 2.0), (10.0, 9.0, 2.0), (10.0, 7.0, 3.0), (10.0, 10.0, 3.0), (11.0, 10.0, 1.0), (10.0, 7.0, 0.0), (10.0, 3.0, 0.0), (10.0, 10.0, 2.0), (10.0, 4.0, 1.0), (10.0, 9.0, 0.0), (10.0, 3.0, 1.0), (10.0, 10.0, 1.0), (10.0, 4.0, 0.0), (10.0, 9.0, 1.0), (10.0, 3.0, 2.0), (10.0, 10.0, 0.0)]

B2 = [(40.0, 2.0, 1.0), (40.0, 3.0, 0.0), (37.0, 0.0, 1.0), (40.0, 0.0, 1.0), (36.0, 0.0, 0.0), (40.0, 0.0, 0.0), (35.0, 0.0, 0.0), (40.0, 1.0, 1.0), (40.0, 2.0, 0.0), (39.0, 0.0, 0.0), (40.0, 2.0, 2.0), (40.0, 1.0, 2.0), (38.0, 0.0, 1.0), (40.0, 3.0, 1.0), (39.0, 0.0, 1.0), (37.0, 0.0, 2.0), (38.0, 0.0, 0.0), (40.0, 1.0, 0.0), (39.0, 0.0, 2.0), (37.0, 0.0, 3.0), (40.0, 0.0, 3.0), (40.0, 1.0, 3.0), (38.0, 0.0, 3.0), (36.0, 0.0, 2.0), (39.0, 0.0, 3.0), (37.0, 0.0, 0.0), (40.0, 0.0, 2.0), (36.0, 0.0, 1.0), (38.0, 0.0, 2.0)]

B3 = [(30.0, 10.0, 0.0), (30.0, 13.0, 2.0), (30.0, 14.0, 3.0), (30.0, 17.0, 1.0), (30.0, 13.0, 3.0), (30.0, 14.0, 2.0), (30.0, 13.0, 0.0), (30.0, 14.0, 1.0), (30.0, 13.0, 1.0), (30.0, 14.0, 0.0), (30.0, 16.0, 1.0), (31.0, 10.0, 1.0), (30.0, 15.0, 0.0), (30.0, 16.0, 0.0), (30.0, 11.0, 0.0), (30.0, 16.0, 3.0), (30.0, 11.0, 1.0), (30.0, 16.0, 2.0), (30.0, 11.0, 2.0), (28.0, 10.0, 1.0), (30.0, 11.0, 3.0), (32.0, 10.0, 1.0), (28.0, 10.0, 0.0), (31.0, 10.0, 2.0), (32.0, 10.0, 0.0), (30.0, 15.0, 1.0), (31.0, 10.0, 3.0), (30.0, 17.0, 0.0), (31.0, 10.0, 0.0), (32.0, 10.0, 2.0), (30.0, 15.0, 3.0), (29.0, 10.0, 0.0), (33.0, 10.0, 0.0), (29.0, 10.0, 1.0), (30.0, 12.0, 1.0), (33.0, 10.0, 1.0), (29.0, 10.0, 2.0), (30.0, 12.0, 0.0), (30.0, 10.0, 3.0), (30.0, 12.0, 3.0), (30.0, 10.0, 2.0), (30.0, 9.0, 0.0), (30.0, 15.0, 2.0), (30.0, 12.0, 2.0), (30.0, 10.0, 1.0), (30.0, 9.0, 1.0)]

B4 = [(20.0, 22.0, 3.0), (20.0, 17.0, 3.0), (20.0, 22.0, 2.0), (17.0, 20.0, 1.0), (20.0, 18.0, 1.0), (20.0, 23.0, 2.0), (20.0, 19.0, 1.0), (19.0, 20.0, 0.0), (20.0, 20.0, 3.0), (20.0, 21.0, 1.0), (20.0, 23.0, 3.0), (16.0, 20.0, 3.0), (20.0, 18.0, 3.0), (20.0, 20.0, 2.0), (16.0, 20.0, 2.0), (20.0, 18.0, 2.0), (20.0, 20.0, 1.0), (16.0, 20.0, 1.0), (20.0, 20.0, 0.0), (20.0, 19.0, 2.0), (16.0, 20.0, 0.0), (20.0, 16.0, 3.0), (19.0, 20.0, 1.0), (20.0, 16.0, 2.0), (20.0, 19.0, 0.0), (20.0, 19.0, 3.0), (20.0, 16.0, 1.0), (21.0, 20.0, 0.0), (19.0, 20.0, 3.0), (22.0, 20.0, 1.0), (20.0, 16.0, 0.0), (22.0, 20.0, 0.0), (23.0, 20.0, 1.0), (20.0, 21.0, 0.0), (22.0, 20.0, 3.0), (17.0, 20.0, 2.0), (23.0, 20.0, 2.0), (21.0, 20.0, 3.0), (18.0, 20.0, 1.0), (22.0, 20.0, 2.0), (17.0, 20.0, 3.0), (23.0, 20.0, 3.0), (20.0, 21.0, 2.0), (18.0, 20.0, 0.0), (17.0, 20.0, 0.0), (21.0, 20.0, 1.0), (18.0, 20.0, 3.0), (19.0, 20.0, 2.0), (20.0, 21.0, 3.0), (21.0, 20.0, 2.0), (20.0, 17.0, 0.0), (18.0, 20.0, 2.0), (20.0, 22.0, 1.0), (20.0, 17.0, 1.0), (20.0, 22.0, 0.0), (20.0, 17.0, 2.0), (20.0, 18.0, 0.0)]

B5 = [(10.0, 25.0, 1.0), (10.0, 25.0, 0.0), (10.0, 24.0, 0.0), (10.0, 24.0, 1.0)]

B6 = [(40.0, 25.0, 1.0), (40.0, 27.0, 2.0), (40.0, 24.0, 2.0), (40.0, 27.0, 3.0), (40.0, 21.0, 1.0), (40.0, 27.0, 0.0), (40.0, 23.0, 0.0), (40.0, 24.0, 1.0), (40.0, 25.0, 3.0), (40.0, 24.0, 0.0), (40.0, 26.0, 0.0), (40.0, 25.0, 2.0), (40.0, 26.0, 1.0), (40.0, 27.0, 1.0), (39.0, 20.0, 0.0), (40.0, 21.0, 0.0), (40.0, 22.0, 0.0), (39.0, 20.0, 1.0), (40.0, 22.0, 3.0), (40.0, 23.0, 3.0), (40.0, 23.0, 2.0), (40.0, 28.0, 2.0), (40.0, 28.0, 1.0), (40.0, 20.0, 2.0), (40.0, 21.0, 2.0), (40.0, 26.0, 2.0), (40.0, 20.0, 1.0), (40.0, 26.0, 3.0), (40.0, 23.0, 1.0), (40.0, 22.0, 1.0), (40.0, 28.0, 0.0), (40.0, 20.0, 0.0), (40.0, 22.0, 2.0), (40.0, 25.0, 0.0), (40.0, 21.0, 3.0), (40.0, 24.0, 3.0)]

B7 = [(26.0, 30.0, 0.0), (25.0, 30.0, 0.0), (30.0, 28.0, 2.0), (25.0, 30.0, 1.0), (27.0, 30.0, 2.0), (28.0, 30.0, 1.0), (25.0, 30.0, 2.0), (27.0, 30.0, 3.0), (30.0, 29.0, 2.0), (28.0, 30.0, 0.0), (25.0, 30.0, 3.0), (27.0, 30.0, 0.0), (28.0, 30.0, 3.0), (30.0, 30.0, 2.0), (27.0, 30.0, 1.0), (30.0, 29.0, 0.0), (28.0, 30.0, 2.0), (30.0, 30.0, 1.0), (30.0, 29.0, 1.0), (29.0, 30.0, 0.0), (30.0, 30.0, 0.0), (30.0, 32.0, 1.0), (29.0, 30.0, 1.0), (30.0, 27.0, 0.0), (29.0, 30.0, 2.0), (30.0, 27.0, 1.0), (29.0, 30.0, 3.0), (31.0, 30.0, 0.0), (31.0, 30.0, 1.0), (30.0, 31.0, 0.0), (30.0, 32.0, 0.0), (30.0, 31.0, 1.0), (23.0, 30.0, 0.0), (30.0, 31.0, 2.0), (24.0, 30.0, 1.0), (23.0, 30.0, 1.0), (24.0, 30.0, 0.0), (26.0, 30.0, 3.0), (24.0, 30.0, 3.0), (26.0, 30.0, 2.0), (30.0, 28.0, 1.0), (24.0, 30.0, 2.0), (26.0, 30.0, 1.0), (30.0, 28.0, 0.0)]

B8: = [(0.0, 36.0, 2.0), (0.0, 39.0, 0.0), (0.0, 36.0, 1.0), (5.0, 40.0, 3.0), (0.0, 39.0, 1.0), (0.0, 36.0, 0.0), (2.0, 40.0, 1.0), (2.0, 40.0, 0.0), (0.0, 40.0, 3.0), (2.0, 40.0, 3.0), (0.0, 40.0, 2.0), (2.0, 40.0, 2.0), (0.0, 40.0, 1.0), (0.0, 37.0, 0.0), (5.0, 40.0, 0.0), (0.0, 40.0, 0.0), (0.0, 37.0, 1.0), (0.0, 37.0, 2.0), (3.0, 40.0, 0.0), (0.0, 37.0, 3.0), (3.0, 40.0, 1.0), (0.0, 38.0, 1.0), (3.0, 40.0, 2.0), (0.0, 35.0, 2.0), (0.0, 38.0, 0.0), (3.0, 40.0, 3.0), (0.0, 35.0, 3.0), (1.0, 40.0, 2.0), (5.0, 40.0, 1.0), (0.0, 38.0, 3.0), (5.0, 40.0, 2.0), (0.0, 35.0, 0.0), (1.0, 40.0, 3.0), (4.0, 40.0, 3.0), (0.0, 38.0, 2.0), (0.0, 35.0, 1.0), (1.0, 40.0, 0.0), (4.0, 40.0, 2.0), (0.0, 39.0, 2.0), (1.0, 40.0, 1.0), (4.0, 40.0, 1.0), (0.0, 36.0, 3.0), (0.0, 39.0, 3.0), (4.0, 40.0, 0.0)]

B9:
[(20.0, 39.0, 2.0), (26.0, 40.0, 2.0), (26.0, 40.0, 1.0), (25.0, 40.0, 2.0), (20.0, 39.0, 3.0), (20.0, 38.0, 0.0), (20.0, 36.0, 2.0), (20.0, 39.0, 0.0), (20.0, 36.0, 1.0), (21.0, 40.0, 2.0), (20.0, 39.0, 1.0), (20.0, 40.0, 0.0), (26.0, 40.0, 0.0), (23.0, 40.0, 0.0), (22.0, 40.0, 3.0), (26.0, 40.0, 3.0), (23.0, 40.0, 1.0), (24.0, 40.0, 3.0), (21.0, 40.0, 1.0), (23.0, 40.0, 2.0), (21.0, 40.0, 3.0), (20.0, 38.0, 3.0), (23.0, 40.0, 3.0), (24.0, 40.0, 1.0), (19.0, 40.0, 0.0), (20.0, 38.0, 2.0), (19.0, 40.0, 1.0), (20.0, 37.0, 0.0), (20.0, 40.0, 2.0), (19.0, 40.0, 2.0), (20.0, 37.0, 1.0), (22.0, 40.0, 2.0), (22.0, 40.0, 1.0), (19.0, 40.0, 3.0), (20.0, 37.0, 2.0), (20.0, 37.0, 3.0), (21.0, 40.0, 0.0), (20.0, 40.0, 3.0), (24.0, 40.0, 2.0), (25.0, 40.0, 3.0), (20.0, 38.0, 1.0), (20.0, 40.0, 1.0), (22.0, 40.0, 0.0), (27.0, 40.0, 1.0), (25.0, 40.0, 1.0), (27.0, 40.0, 2.0), (25.0, 40.0, 0.0), (27.0, 40.0, 3.0), (24.0, 40.0, 0.0)]

